Query1 -> (What are the actual risks of giving www-data sudo nopasswd access?, WebNinja)
Query 2 -> [15811, 449, 158442, 167850, 367165, 295286, 59676, 93977, 35795, 3940]
Query 3 -> (3667, 4102)
Query 4 -> [[]]
Query 5 -> (<p>Coder. JS, Perl, Python, Basic<br>Books/movies: SF+F.<br>Dead: dell 9300<br>Dead: dell 1720 as of may 10th 2011.</p>

<p>Current system: Acer Aspire 7750G.<br>
Works OOTB as of Ubuntu 12.04.<br></p>
, [982507, 982455, 980877, 980197, 980189, 976713, 974412, 974359, 973895, 973838])
Query6 -> [701775, 697197, 694560, 696641, 704208, 693722, 697941, 697208, 703071, 694508, 704364, 697303, 700613, 694035, 701959, 704098, 696648, 693729, 704317, 699062, 703434, 700641, 693080, 701656, 700172, 699384, 695031, 694612, 701635, 697323, 702796, 702773, 700018, 699015, 702761, 695401, 699161, 701435, 699010, 694228, 702822, 696684, 692610, 699353, 694226, 693892, 704163, 701532, 704121, 701496]
Query 7 -> [505506, 505581, 505368, 174626, 505333, 174579, 505627, 505546, 174746, 174562]
Query 8 -> [980835, 979082, 974117, 974105, 973832, 971812, 971056, 968451, 964999, 962770]
Query 9 -> [594]
Query 10 -> 175891
Query 11 -> [1, 1, 1, 1, 1]
Query1 -> (What are the actual risks of giving www-data sudo nopasswd access?, WebNinja)
Query 2 -> [15811, 449, 158442, 167850, 367165, 295286, 59676, 93977, 35795, 3940]
Query 3 -> (3667, 4102)
Query 4 -> [[276174, 276029, 274462, 274324, 274316, 274141, 274100, 272937, 272813, 272754, 272666, 272565, 272450, 272313, 271816, 271683, 271647, 270853, 270608, 270528, 270488, 270188, 270014, 269876, 269781, 269095, 268501, 268155, 267746, 267656, 267625, 266742, 266335, 266016, 265531, 265483, 265443, 265347, 265104, 265067, 265028, 264762, 264764, 264616, 264525, 264292, 263816, 263740, 263460, 263405, 263378, 263253, 262733, 262574]]
Query 5 -> (<p>Coder. JS, Perl, Python, Basic<br>Books/movies: SF+F.<br>Dead: dell 9300<br>Dead: dell 1720 as of may 10th 2011.</p>

<p>Current system: Acer Aspire 7750G.<br>
Works OOTB as of Ubuntu 12.04.<br></p>
, [982507, 982455, 980877, 980197, 980189, 976713, 974412, 974359, 973895, 973838])
Query6 -> [701775, 697197, 694560, 696641, 704208, 693722, 697941, 697208, 703071, 694508, 704364, 697303, 700613, 694035, 701959, 704098, 696648, 693729, 704317, 699062, 703434, 700641, 693080, 701656, 700172, 699384, 695031, 694612, 701635, 697323, 702796, 702773, 700018, 699015, 702761, 695401, 699161, 701435, 699010, 694228, 702822, 696684, 692610, 699353, 694226, 693892, 704163, 701532, 704121, 701496]
Query 7 -> [505506, 505581, 505368, 174626, 505333, 174579, 505627, 505546, 174746, 174562]
Query 8 -> [980835, 979082, 974117, 974105, 973832, 971812, 971056, 968451, 964999, 962770]
Query 9 -> [594]
Query 10 -> 175891
Query 11 -> [6, 29, 72, 163, 193]
Query1 -> (What are the actual risks of giving www-data sudo nopasswd access?, WebNinja)
Query 2 -> [15811, 449, 158442, 167850, 367165, 295286, 59676, 93977, 35795, 3940]
Query 3 -> (3667, 4102)
Query 4 -> [[276174, 276029, 274462, 274324, 274316, 274141, 274100, 272937, 272813, 272754, 272666, 272565, 272450, 272313, 271816, 271683, 271647, 270853, 270608, 270528, 270488, 270188, 270014, 269876, 269781, 269095, 268501, 268155, 267746, 267656, 267625, 266742, 266335, 266016, 265531, 265483, 265443, 265347, 265104, 265067, 265028, 264762, 264764, 264616, 264525, 264292, 263816, 263740, 263460, 263405, 263378, 263253, 262733, 262574]]
Query 5 -> (<p>Coder. JS, Perl, Python, Basic<br>Books/movies: SF+F.<br>Dead: dell 9300<br>Dead: dell 1720 as of may 10th 2011.</p>

<p>Current system: Acer Aspire 7750G.<br>
Works OOTB as of Ubuntu 12.04.<br></p>
, [982507, 982455, 980877, 980197, 980189, 976713, 974412, 974359, 973895, 973838])
Query6 -> [701775, 697197, 694560, 696641, 704208, 693722, 697941, 697208, 703071, 694508, 704364, 697303, 700613, 694035, 701959, 704098, 696648, 693729, 704317, 699062, 703434, 700641, 693080, 701656, 700172, 699384, 695031, 694612, 701635, 697323, 702796, 702773, 700018, 699015, 702761, 695401, 699161, 701435, 699010, 694228, 702822, 696684, 692610, 699353, 694226, 693892, 704163, 701532, 704121, 701496]
Query 7 -> [505506, 505581, 505368, 174626, 505333, 174579, 505627, 505546, 174746, 174562]
Query 8 -> [980835, 979082, 974117, 974105, 973832, 971812, 971056, 968451, 964999, 962770]
Query 9 -> [594]
Query 10 -> 175891
Query 11 -> [6, 29, 72, 163, 193]
